2.503938078880310059e-01
1.938790082931518555e-01
-2.709356844425201416e-01
7.098126411437988281e-02
1.271607726812362671e-01
1.431377828121185303e-01
2.703796923160552979e-01
2.498283535242080688e-01
2.516990602016448975e-01
1.871056407690048218e-01
1.983407326042652130e-02
-2.638925611972808838e-01
2.567060478031635284e-02
2.493603229522705078e-01
2.543360292911529541e-01
2.721337676048278809e-01
2.192008495330810547e-01
-8.229461312294006348e-02
-9.473140537738800049e-02
2.684085071086883545e-01
-6.380815804004669189e-02
-1.377382129430770874e-01
1.252265572547912598e-01
2.339008152484893799e-01
1.722431331872940063e-01
-1.939260661602020264e-01
7.169389724731445312e-02
-2.583513259887695312e-01
-1.148322224617004395e-01
2.585281431674957275e-01
1.048436835408210754e-01
-2.488976866006851196e-01
2.502373754978179932e-01
2.128115594387054443e-01
1.943082809448242188e-01
2.618629932403564453e-01
2.532405555248260498e-01
-1.458174781873822212e-03
-2.550781667232513428e-01
-2.493470311164855957e-01
-2.094159424304962158e-01
-1.686327606439590454e-01
-2.455505579710006714e-01
-1.295505464076995850e-01
6.227803975343704224e-02
-7.178398221731185913e-02
-2.610584199428558350e-01
-3.749949857592582703e-02
2.389455884695053101e-01
7.185083627700805664e-02
2.170123308897018433e-01
2.317425459623336792e-01
-2.723837792873382568e-01
2.005828619003295898e-01
-2.530797421932220459e-01
-1.623040139675140381e-01
-1.581982821226119995e-01
-1.283115148544311523e-01
1.769239306449890137e-01
-2.599631249904632568e-01
5.669377371668815613e-02
6.485014408826828003e-02
-4.820500314235687256e-02
-2.649266421794891357e-01
-2.555478513240814209e-01
-3.501360304653644562e-03
1.058053374290466309e-01
-2.344227135181427002e-01
7.850170880556106567e-02
2.829791605472564697e-01
1.749036908149719238e-01
-1.032611075788736343e-02
-2.627980113029479980e-01
-1.644092947244644165e-01
-5.333302170038223267e-02
1.237299069762229919e-01
-2.022642195224761963e-01
8.300097286701202393e-02
-2.671885192394256592e-01
8.968322724103927612e-02
-2.117624580860137939e-01
2.177658230066299438e-01
1.148481592535972595e-01
2.407238036394119263e-01
8.127691596746444702e-02
1.150411069393157959e-01
-2.644473016262054443e-01
-2.584849596023559570e-01
-1.908275485038757324e-01
2.561467289924621582e-01
-2.140557467937469482e-01
-2.685302495956420898e-01
2.015465646982192993e-01
-1.988987922668457031e-01
-1.893996447324752808e-01
2.604895830154418945e-01
-2.236005663871765137e-01
9.082575887441635132e-02
-2.566646933555603027e-01
-2.394189685583114624e-01
