-2.205066829919815063e-01
2.342609465122222900e-01
-2.405804693698883057e-01
4.563115909695625305e-02
8.213889785110950470e-03
2.480640858411788940e-01
-2.295391410589218140e-01
2.466103136539459229e-01
2.445938289165496826e-01
-2.348318994045257568e-01
2.461559623479843140e-01
-2.404031157493591309e-01
-2.303889021277427673e-02
2.374993562698364258e-01
-2.034563422203063965e-01
8.231878280639648438e-02
7.680128514766693115e-02
1.487224921584129333e-02
-4.989420250058174133e-02
-2.404344826936721802e-01
-9.530704468488693237e-02
1.918615698814392090e-01
1.683019846677780151e-02
2.640494890511035919e-02
8.279740065336227417e-02
2.536793649196624756e-01
-2.493268549442291260e-01
-6.005271151661872864e-02
9.578636288642883301e-02
-1.967706084251403809e-01
8.062770217657089233e-02
-2.514795362949371338e-01
9.640898555517196655e-02
-6.177912279963493347e-02
-2.227798700332641602e-01
-2.440573722124099731e-01
-2.197059839963912964e-01
2.261349856853485107e-01
-2.244288027286529541e-01
-2.503551840782165527e-01
-2.498043179512023926e-01
-2.522336840629577637e-01
-2.309499382972717285e-01
2.437028884887695312e-01
-2.322495356202125549e-02
-1.366570591926574707e-01
1.841959804296493530e-01
-2.217949032783508301e-01
-1.614266633987426758e-01
-2.229511737823486328e-01
2.475677728652954102e-01
-2.168744206428527832e-01
2.415190935134887695e-01
2.064825594425201416e-01
6.778050214052200317e-02
-6.761839985847473145e-02
-1.316532790660858154e-01
2.451643198728561401e-01
2.699738144874572754e-01
-2.090140730142593384e-01
-8.027187734842300415e-02
1.022627651691436768e-01
-2.466198354959487915e-01
7.522228360176086426e-02
-2.100704461336135864e-01
-2.390353977680206299e-01
1.930489838123321533e-01
-2.406265437602996826e-01
2.536858618259429932e-01
2.889472246170043945e-02
6.916715204715728760e-02
-1.516995280981063843e-01
2.266028076410293579e-01
-1.528174728155136108e-01
-1.680653095245361328e-01
-2.473196983337402344e-01
8.843152225017547607e-02
-2.357190847396850586e-01
-6.670089066028594971e-02
-7.675942033529281616e-02
-2.504303455352783203e-01
2.384833693504333496e-01
-2.569814622402191162e-01
2.086141556501388550e-01
-5.654575303196907043e-02
-4.209171980619430542e-02
-2.262000739574432373e-01
2.191426455974578857e-01
2.458102069795131683e-02
1.271286010742187500e-01
1.824843287467956543e-01
2.506936788558959961e-01
-2.262678146362304688e-01
6.402017921209335327e-02
2.408185452222824097e-01
-2.146990038454532623e-02
-2.268465012311935425e-01
2.465105950832366943e-01
2.230832576751708984e-01
-2.342155724763870239e-01
