-1.415876448154449463e-01
-3.787612915039062500e-02
-5.457499623298645020e-02
-2.572354078292846680e-01
-1.812520436942577362e-02
-2.115246057510375977e-01
-9.456690400838851929e-02
-8.897280693054199219e-02
-2.630865275859832764e-01
-2.301422059535980225e-01
-2.292557060718536377e-01
-1.376857459545135498e-01
-1.393367052078247070e-01
2.581409513950347900e-01
1.133608743548393250e-01
-1.241329237818717957e-01
-5.644683167338371277e-02
2.531816959381103516e-01
-7.391918450593948364e-02
1.521124541759490967e-01
-2.570012211799621582e-01
-2.554103136062622070e-01
2.626393437385559082e-01
-9.824601560831069946e-02
2.258820086717605591e-01
9.009807556867599487e-02
2.133289724588394165e-01
2.221024185419082642e-01
-4.849475622177124023e-02
-2.731024622917175293e-01
-2.544484734535217285e-01
-5.366780608892440796e-02
-3.092976808547973633e-01
2.790448367595672607e-01
-2.050455957651138306e-01
1.704379357397556305e-02
1.826213747262954712e-01
-8.708161301910877228e-03
1.037122383713722229e-01
2.305806130170822144e-01
-1.343722492456436157e-01
2.577008306980133057e-01
-1.784246414899826050e-01
-2.373131811618804932e-01
2.144696563482284546e-01
-2.640307545661926270e-01
-1.881423145532608032e-01
2.241515666246414185e-01
2.031027078628540039e-01
-2.481560260057449341e-01
2.236476838588714600e-01
-2.446061819791793823e-01
2.593409121036529541e-01
1.193996816873550415e-01
2.113041877746582031e-01
-2.802115976810455322e-01
1.570817530155181885e-01
2.444480508565902710e-01
2.613974213600158691e-01
2.434102445840835571e-01
-8.153028041124343872e-02
2.555400431156158447e-01
-2.270947247743606567e-01
-1.150837391614913940e-01
-1.362977027893066406e-01
8.625965565443038940e-04
8.100752532482147217e-02
1.696029156446456909e-01
-1.681887209415435791e-01
-1.808667033910751343e-01
2.501536905765533447e-01
-1.579390913248062134e-01
-2.035764455795288086e-01
-2.549898028373718262e-01
2.621439695358276367e-01
-9.649770706892013550e-02
-1.843089610338211060e-01
2.818113565444946289e-01
1.729689985513687134e-01
-1.564285457134246826e-01
-9.853820502758026123e-02
-1.499061286449432373e-01
-2.026849538087844849e-01
1.103280112147331238e-01
2.620306313037872314e-01
5.837392807006835938e-02
-2.238831520080566406e-01
2.482015937566757202e-01
-7.093822956085205078e-02
-2.363906651735305786e-01
7.101976126432418823e-02
2.314168363809585571e-01
-2.219745218753814697e-01
3.113354444503784180e-01
-2.120876163244247437e-01
-4.927648697048425674e-03
-2.526418566703796387e-01
-9.628336131572723389e-02
-2.901744544506072998e-01
-2.105345875024795532e-01
