-7.740716934204101562e-01
-8.652167320251464844e-01
-1.348896324634552002e-01
9.249144196510314941e-01
-1.565841913223266602e+00
-9.982903003692626953e-01
5.669948458671569824e-01
-8.736403584480285645e-01
-1.091890811920166016e+00
-3.104938566684722900e-01
-1.590939044952392578e+00
-4.935466647148132324e-01
3.457192480564117432e-01
6.448344141244888306e-02
9.039034247398376465e-01
5.971004068851470947e-02
-1.701041311025619507e-01
-1.063582062721252441e+00
6.650568544864654541e-02
-4.143928587436676025e-01
9.801320433616638184e-01
-1.373741388320922852e+00
-6.471721529960632324e-01
-3.050823211669921875e-01
-1.037658676505088806e-01
-3.097776696085929871e-02
4.449300467967987061e-01
1.809873282909393311e-01
-1.323712587356567383e+00
-7.736316323280334473e-01
2.487825870513916016e+00
4.460462629795074463e-01
-1.867033094167709351e-01
8.602812290191650391e-01
-4.909551739692687988e-01
-1.106350779533386230e+00
5.250993371009826660e-01
-1.039790987968444824e+00
-1.734009087085723877e-01
1.059450507164001465e+00
1.707229495048522949e+00
-1.159515231847763062e-01
-3.216288387775421143e-01
-9.408674240112304688e-01
8.307274580001831055e-01
-2.534022808074951172e+00
4.549196660518646240e-01
-3.848533928394317627e-01
-7.236095070838928223e-01
2.530832290649414062e+00
1.818395018577575684e+00
2.454641163349151611e-01
-7.447514533996582031e-01
-7.857946157455444336e-01
-6.998884957283735275e-03
1.054894924163818359e+00
6.642035245895385742e-01
2.962738573551177979e-01
1.214634180068969727e+00
-1.060021668672561646e-01
1.270444393157958984e+00
-1.341158270835876465e+00
1.905706524848937988e-01
6.924189329147338867e-01
3.782036304473876953e-01
1.433095484972000122e-01
-3.818845450878143311e-01
-7.816674709320068359e-01
-3.652491271495819092e-01
-1.279100894927978516e+00
4.048611164093017578e+00
-4.521897062659263611e-02
4.015711545944213867e-01
1.203712224960327148e+00
-5.323183536529541016e-01
-2.917174808681011200e-02
1.808031558990478516e+00
-1.866727828979492188e+00
2.052480876445770264e-01
-5.325466990470886230e-01
9.729879498481750488e-01
-1.151787996292114258e+00
-1.694992661476135254e+00
2.652256488800048828e-01
1.418431010097265244e-02
-6.928609609603881836e-01
-2.119012624025344849e-01
-4.672750085592269897e-02
4.669205844402313232e-01
-3.271781206130981445e-01
-9.760178327560424805e-01
-1.248799920082092285e+00
7.194902896881103516e-01
2.021566867828369141e+00
-5.928284525871276855e-01
-3.307629823684692383e-01
1.527222841978073120e-01
-7.511258721351623535e-01
-1.094151616096496582e+00
7.090353965759277344e-01
