-2.571618258953094482e-01
1.123075246810913086e+00
3.154256641864776611e-01
-3.819949924945831299e-01
9.535706639289855957e-01
-1.197633445262908936e-01
1.264158844947814941e+00
-1.740738272666931152e+00
-2.783988416194915771e-01
2.106109261512756348e-01
-8.914440274238586426e-01
9.244374632835388184e-01
1.564123034477233887e+00
1.231012582778930664e+00
-5.635560750961303711e-01
-8.068546056747436523e-01
-1.873107552528381348e-01
3.409726619720458984e-01
3.304060697555541992e-01
-1.599591255187988281e+00
8.520112186670303345e-02
1.482363939285278320e+00
6.958565115928649902e-01
4.570677280426025391e-01
4.360346198081970215e-01
-1.166270971298217773e+00
-1.127496838569641113e+00
1.430769920349121094e+00
1.725888848304748535e+00
2.929658889770507812e-01
-7.377981543540954590e-01
-7.402378916740417480e-01
-1.170474171638488770e+00
1.321289777755737305e+00
7.069051861763000488e-01
-1.593724787235260010e-01
-2.950928688049316406e+00
2.811334371566772461e+00
-9.161889553070068359e-01
2.341771274805068970e-01
-2.752375416457653046e-02
-4.433269053697586060e-02
5.908413529396057129e-01
8.109423518180847168e-01
-3.564107120037078857e-01
-1.621125340461730957e+00
-1.600278735160827637e+00
-7.276509404182434082e-01
7.065607905387878418e-01
-8.941443264484405518e-02
-7.552448511123657227e-01
-1.067729830741882324e+00
-5.905181765556335449e-01
8.980370163917541504e-01
-1.112989068031311035e+00
-1.376365780830383301e+00
8.976591229438781738e-01
3.720975518226623535e-01
1.251986265182495117e+00
-1.562330961227416992e+00
1.869983673095703125e-01
1.674761772155761719e+00
9.837080240249633789e-01
-1.214705586433410645e+00
4.972330033779144287e-01
-1.871720701456069946e-01
1.644014865159988403e-01
7.783924341201782227e-01
1.892302930355072021e-02
6.757928729057312012e-01
4.163611233234405518e-01
4.250698387622833252e-01
6.006806492805480957e-01
8.274798989295959473e-01
1.458159565925598145e+00
-9.225154668092727661e-02
-1.058646678924560547e+00
6.119393706321716309e-01
-1.321721196174621582e+00
6.707865595817565918e-01
-3.109490275382995605e-01
-9.588571786880493164e-01
8.144550323486328125e-01
7.037531137466430664e-01
-3.064433932304382324e-01
-6.356749534606933594e-01
-3.148253858089447021e-01
-1.552239537239074707e+00
-1.045466303825378418e+00
-5.342548489570617676e-01
-3.170630335807800293e-01
-1.069031953811645508e+00
4.132893681526184082e-01
1.291403651237487793e+00
6.684969067573547363e-01
-9.728115200996398926e-01
-2.768468856811523438e-01
-2.974100112915039062e-01
6.285862531512975693e-03
2.962915897369384766e-01
