-4.011408612132072449e-02
2.054496556520462036e-01
9.414143115282058716e-02
-2.227116376161575317e-01
-2.311941534280776978e-01
4.838875308632850647e-02
7.114587724208831787e-02
1.249634996056556702e-01
7.097215950489044189e-02
-8.008707314729690552e-02
1.363127771764993668e-02
2.016662508249282837e-01
2.016395330429077148e-01
-1.321995258331298828e-01
1.448180675506591797e-01
8.297169953584671021e-02
-3.188278526067733765e-02
-1.525135636329650879e-01
2.030165195465087891e-01
1.304083317518234253e-01
2.068878263235092163e-01
2.133232951164245605e-01
1.010951772332191467e-01
-1.306489259004592896e-01
2.050925046205520630e-01
-6.525420397520065308e-02
-1.767939142882823944e-02
2.433899492025375366e-01
2.099980711936950684e-01
2.059514969587326050e-01
-1.186907663941383362e-01
2.558631896972656250e-01
2.370952516794204712e-01
-2.511055208742618561e-02
-1.240489631891250610e-01
-1.073869466781616211e-01
-2.069743126630783081e-01
1.068534255027770996e-01
-4.162926599383354187e-02
-2.567409574985504150e-01
2.233978807926177979e-01
9.324536472558975220e-02
9.670465439558029175e-02
-2.539800405502319336e-01
-2.204093337059020996e-01
-1.206041127443313599e-01
2.342390120029449463e-01
2.023404985666275024e-01
9.327313303947448730e-02
1.096279323101043701e-01
-2.437862306833267212e-01
-2.319653630256652832e-01
-1.415167599916458130e-01
-1.982517838478088379e-01
2.071156352758407593e-01
-2.556453049182891846e-01
6.960471719503402710e-02
-2.015578895807266235e-01
-1.356865018606185913e-01
2.422999143600463867e-01
-2.175676524639129639e-01
-2.542688548564910889e-01
-2.037046551704406738e-01
-8.880702406167984009e-02
-7.375431805849075317e-02
-1.143368184566497803e-01
1.207135319709777832e-01
4.957258328795433044e-02
1.252236515283584595e-01
1.601006388664245605e-01
-1.339004784822463989e-01
-2.259125858545303345e-01
2.241386920213699341e-01
3.849695250391960144e-02
2.139203697443008423e-01
-2.446739524602890015e-01
2.005174756050109863e-01
1.356679052114486694e-01
-1.492455005645751953e-01
-2.508087754249572754e-01
-3.390138968825340271e-02
1.165007948875427246e-01
-4.341549426317214966e-02
2.538322508335113525e-01
1.076613888144493103e-01
2.449114173650741577e-01
9.954997152090072632e-02
-6.204902380704879761e-02
1.024140492081642151e-01
-1.971088200807571411e-01
-1.358343809843063354e-01
-2.065896391868591309e-01
-2.246408350765705109e-02
-7.708255201578140259e-02
2.067220956087112427e-01
-1.924869045615196228e-02
-1.378006935119628906e-01
-7.177243381738662720e-02
-2.046700119972229004e-01
-8.057311922311782837e-02
