-1.016364812850952148e+00
2.462286800146102905e-01
1.765445023775100708e-01
5.626479983329772949e-01
-6.294883489608764648e-01
6.738186478614807129e-01
1.046538591384887695e+00
2.307347953319549561e-01
-2.296711057424545288e-01
7.044121026992797852e-01
1.225845575332641602e+00
-9.414638280868530273e-01
6.985688209533691406e-01
-7.672799229621887207e-01
8.271752297878265381e-02
-6.056205630302429199e-01
1.493327915668487549e-01
1.048419237136840820e+00
9.741238951683044434e-01
-2.250289320945739746e-01
6.922628879547119141e-01
-9.903696179389953613e-01
1.348936796188354492e+00
7.648871541023254395e-01
-3.166722357273101807e-01
7.556027770042419434e-01
-4.145696759223937988e-02
-6.635542511940002441e-01
-2.380159497261047363e-01
2.142594009637832642e-02
-8.488172292709350586e-01
5.618679523468017578e-01
5.152202844619750977e-01
-7.848804593086242676e-01
5.049059391021728516e-01
1.044509768486022949e+00
9.617719650268554688e-01
2.743979394435882568e-01
7.310954928398132324e-01
1.926161289215087891e+00
6.467366218566894531e-01
5.285688117146492004e-02
5.610374808311462402e-01
1.396038174629211426e+00
-3.942981064319610596e-01
1.949305415153503418e+00
-3.477534353733062744e-01
7.654737830162048340e-01
1.535250067710876465e+00
1.285208821296691895e+00
1.250828146934509277e+00
1.744975894689559937e-01
4.082914590835571289e-01
-3.448797166347503662e-01
1.862087547779083252e-01
8.680819272994995117e-01
1.244032263755798340e+00
6.211302280426025391e-01
-6.104953885078430176e-01
-1.726796925067901611e-01
-2.714242458343505859e+00
3.975287973880767822e-01
9.798227250576019287e-02
1.113029003143310547e+00
2.349823266267776489e-01
-1.297566175460815430e+00
2.274927198886871338e-01
-4.632614254951477051e-01
5.971084237098693848e-01
9.611262679100036621e-01
2.608864307403564453e-01
-2.956610918045043945e-01
1.803242802619934082e+00
4.154050648212432861e-01
1.477428555488586426e+00
-1.362521529197692871e+00
1.979563981294631958e-01
2.752813696861267090e-01
1.337341904640197754e+00
3.704657852649688721e-01
-1.129049897193908691e+00
-8.486804366111755371e-02
-1.654146909713745117e-01
9.597118496894836426e-01
1.044751107692718506e-01
-7.091313004493713379e-01
1.647530913352966309e+00
2.909751534461975098e-01
3.559506237506866455e-01
-4.989527165889739990e-01
3.872394859790802002e-01
6.127277612686157227e-01
-1.476693868637084961e+00
1.447093605995178223e+00
-5.074672102928161621e-01
2.495695948600769043e-01
2.525904774665832520e-01
-2.594238817691802979e-01
7.502864599227905273e-01
-5.704207718372344971e-02
