5.415521860122680664e-01
1.103501439094543457e+00
-1.178678035736083984e+00
-2.322478592395782471e-01
2.212333530187606812e-01
1.939780414104461670e-01
-1.350955367088317871e+00
7.490684986114501953e-01
-1.890709102153778076e-01
-4.603212177753448486e-01
-5.701974779367446899e-02
3.716384768486022949e-01
6.415625214576721191e-01
-2.671697437763214111e-01
5.041179060935974121e-02
4.853148758411407471e-01
-8.746678829193115234e-01
1.135148882865905762e+00
6.495438814163208008e-01
-1.784165620803833008e+00
1.175608277320861816e+00
2.837371267378330231e-02
4.050561487674713135e-01
-1.710822731256484985e-01
-1.403728485107421875e+00
1.263103961944580078e+00
4.315032064914703369e-01
-4.488678872585296631e-01
1.409011840820312500e+00
4.040453433990478516e-01
-2.819496095180511475e-01
-1.645558476448059082e-01
1.317067861557006836e+00
-4.597367644309997559e-01
5.875868201255798340e-01
-1.207630157470703125e+00
1.024478554725646973e+00
2.162251025438308716e-01
-1.141195058822631836e+00
1.187822699546813965e+00
-4.593117907643318176e-02
4.293248653411865234e-01
9.344521760940551758e-01
-9.013795256614685059e-01
-7.089678049087524414e-01
1.232763648033142090e+00
-1.231802254915237427e-01
2.822658419609069824e-01
1.100107550621032715e+00
2.542433440685272217e-01
5.210502147674560547e-01
-2.799298763275146484e-01
2.278581075370311737e-02
-1.629431009292602539e+00
-1.231751084327697754e+00
-3.441128730773925781e-01
-8.466250896453857422e-01
-9.043940305709838867e-01
-3.692400455474853516e-01
2.383671045303344727e+00
-6.137167811393737793e-01
-5.433846712112426758e-01
8.806198835372924805e-01
-6.155544519424438477e-01
-5.669939517974853516e-01
-1.411112546920776367e+00
5.302940607070922852e-01
1.068223237991333008e+00
4.443176984786987305e-01
-9.941393136978149414e-01
-1.031044602394104004e+00
-5.396001338958740234e-01
4.608631134033203125e-01
-1.971878528594970703e+00
-6.763797998428344727e-01
1.140443012118339539e-01
-1.439909338951110840e+00
-6.460300087928771973e-01
9.727526903152465820e-01
3.218292593955993652e-01
-2.665383741259574890e-03
-1.992655545473098755e-01
-2.107248783111572266e+00
4.214995205402374268e-01
3.008159995079040527e-01
-2.029777288436889648e+00
7.648391127586364746e-01
7.303823232650756836e-01
-9.163589775562286377e-02
-1.078603982925415039e+00
-1.130718469619750977e+00
1.380402088165283203e+00
-2.004348278045654297e+00
-1.069868281483650208e-01
3.294513225555419922e-01
-5.645167231559753418e-01
-8.606674075126647949e-01
-3.169809877872467041e-01
-3.416231274604797363e-02
-4.187721610069274902e-01
