-5.426697731018066406e-01
2.258338481187820435e-01
-8.682867884635925293e-02
1.488978713750839233e-01
9.646626561880111694e-02
-7.656866908073425293e-01
-2.382040917873382568e-01
-2.013551741838455200e-01
4.153883457183837891e-01
8.964408189058303833e-03
-4.994254410266876221e-01
1.461606025695800781e-01
-1.210584193468093872e-01
-1.027758866548538208e-01
-2.493967413902282715e-01
3.011280000209808350e-01
-2.761741876602172852e-01
3.579674661159515381e-02
-1.273763924837112427e-01
1.693276315927505493e-01
-4.547383785247802734e-01
-1.882857978343963623e-01
1.550361961126327515e-01
-8.809637278318405151e-02
1.280086934566497803e-01
1.729668974876403809e-01
1.221261322498321533e-01
-1.108254492282867432e-01
2.071157395839691162e-01
-4.548125863075256348e-01
4.090316593647003174e-01
1.980416923761367798e-01
3.192173782736063004e-03
6.296966671943664551e-01
2.000133693218231201e-01
2.945715785026550293e-01
2.123556658625602722e-02
4.572905600070953369e-02
-3.665222227573394775e-01
-6.025625392794609070e-02
-2.431795746088027954e-01
3.003452122211456299e-01
1.816282868385314941e-01
-2.815697789192199707e-01
-2.700875401496887207e-01
-1.232169643044471741e-01
2.379222214221954346e-01
-2.369077503681182861e-01
-2.617042362689971924e-01
1.481580138206481934e-01
3.644376993179321289e-01
2.972272969782352448e-02
2.935545891523361206e-02
2.282231599092483521e-01
-4.326435923576354980e-01
-9.109779447317123413e-02
1.184503957629203796e-01
5.198643207550048828e-01
-3.746846616268157959e-01
4.296450614929199219e-01
2.115227431058883667e-01
1.563999205827713013e-01
2.161777317523956299e-01
3.175879120826721191e-01
-3.281564116477966309e-01
3.582288324832916260e-02
4.969249069690704346e-01
-3.286200463771820068e-01
2.698952853679656982e-01
-1.530032455921173096e-01
-4.651088416576385498e-01
-3.825644254684448242e-01
-4.529046416282653809e-01
-1.647352129220962524e-01
-2.089966386556625366e-01
3.288790583610534668e-01
3.209614753723144531e-01
-1.174307242035865784e-01
4.252274334430694580e-01
4.806041419506072998e-01
6.437738239765167236e-02
2.368619292974472046e-01
5.654072165489196777e-01
-8.108358597382903099e-04
1.306713819503784180e-01
-3.341688588261604309e-02
5.092795565724372864e-02
6.738028526306152344e-01
6.331519037485122681e-02
-2.078818902373313904e-02
-3.458001613616943359e-01
4.193352535367012024e-02
9.750200062990188599e-02
-4.375785589218139648e-01
-4.208835065364837646e-01
-1.812239177525043488e-02
-3.330698311328887939e-01
-4.813916981220245361e-03
-1.165594831109046936e-01
2.419586479663848877e-01
7.649787664413452148e-01
