-2.669009566307067871e-01
-2.295037508010864258e-01
-2.731405794620513916e-01
-2.524471580982208252e-01
1.738331019878387451e-01
-5.989865064620971680e-01
-8.828216791152954102e-01
4.645867347717285156e-01
4.178301095962524414e-01
6.880044192075729370e-02
5.500038266181945801e-01
4.696025550365447998e-01
-2.688266038894653320e-01
-2.293415069580078125e-01
-4.869369268417358398e-01
-1.544323861598968506e-01
1.176235266029834747e-02
2.729485630989074707e-01
3.718133568763732910e-01
4.490991309285163879e-02
3.649402409791946411e-02
-7.445608377456665039e-01
-5.025444626808166504e-01
1.574613600969314575e-01
1.968352049589157104e-01
-2.704202532768249512e-01
-7.606122493743896484e-01
9.213008731603622437e-02
1.991401463747024536e-01
-2.102181762456893921e-01
6.541954725980758667e-02
-3.835240602493286133e-01
6.082775443792343140e-02
2.045822739601135254e-01
1.993311569094657898e-02
-1.558551192283630371e-01
-3.457296788692474365e-01
8.682543784379959106e-02
1.460313051939010620e-01
-1.770875304937362671e-01
6.819297373294830322e-02
3.741833865642547607e-01
1.540863066911697388e-01
-2.320291288197040558e-02
3.794133067131042480e-01
3.695946931838989258e-01
-5.122358202934265137e-01
-5.123065114021301270e-01
4.542203545570373535e-01
-1.134235709905624390e-01
6.648249030113220215e-01
-4.381654039025306702e-02
2.565495073795318604e-01
-2.417578250169754028e-01
1.686176806688308716e-01
4.174360036849975586e-01
-2.323116064071655273e-01
4.771785438060760498e-02
-9.051492065191268921e-02
-2.002069652080535889e-01
3.633461594581604004e-01
1.185429096221923828e-01
-3.927496969699859619e-01
3.311222791671752930e-01
9.962166100740432739e-02
1.332238018512725830e-01
1.788912415504455566e-01
-3.228658437728881836e-01
-1.007732236757874489e-03
4.130602777004241943e-01
4.028791785240173340e-01
-2.855867519974708557e-02
-2.674976289272308350e-01
-3.634605556726455688e-02
-3.619399964809417725e-01
3.687145113945007324e-01
-3.350902348756790161e-02
8.424872905015945435e-02
1.628726273775100708e-01
1.756747961044311523e-01
7.177903316915035248e-03
2.780051529407501221e-01
4.975266456604003906e-01
8.041227236390113831e-03
6.111590564250946045e-02
-2.922138869762420654e-01
3.043455481529235840e-01
4.687303602695465088e-01
3.865534905344247818e-03
2.580396831035614014e-01
-8.489089459180831909e-02
1.897851675748825073e-01
-3.015711903572082520e-01
-3.440588414669036865e-01
6.672675609588623047e-01
1.878194659948348999e-01
-8.199837803840637207e-02
-3.534394800662994385e-01
-1.878721565008163452e-01
5.646163821220397949e-01
5.152007341384887695e-01
