1.991139724850654602e-04
-1.907131969928741455e-01
-2.656393349170684814e-01
-7.609201967716217041e-02
3.193774521350860596e-01
2.002339661121368408e-01
-7.381200324743986130e-03
-1.203405037522315979e-01
-1.147020831704139709e-01
-2.160331755876541138e-01
2.357350587844848633e-01
-1.510903686285018921e-01
-3.982498496770858765e-02
3.025627434253692627e-01
2.100172489881515503e-01
2.030810862779617310e-01
-2.631556987762451172e-01
2.269989848136901855e-01
-1.733148843050003052e-01
2.658903896808624268e-01
-2.595359385013580322e-01
-1.193936392664909363e-01
-1.284370869398117065e-01
-1.676824241876602173e-01
8.854513615369796753e-02
-2.517121136188507080e-01
9.113489091396331787e-02
1.224157512187957764e-01
1.225808635354042053e-01
2.772679552435874939e-02
-2.262506932020187378e-01
1.696134060621261597e-01
2.280631661415100098e-01
2.050332427024841309e-01
-1.075907424092292786e-01
-1.368626952171325684e-01
-1.056560054421424866e-01
2.110825181007385254e-01
1.286927461624145508e-01
-2.331862151622772217e-01
-1.209496334195137024e-01
2.491039782762527466e-01
7.351177930831909180e-02
2.172684669494628906e-01
-1.525438274256885052e-04
5.982246994972229004e-02
1.386512517929077148e-01
-1.364917904138565063e-01
8.750552684068679810e-02
-9.646476805210113525e-02
-2.491801679134368896e-01
3.564260900020599365e-02
9.445254690945148468e-03
-2.253685295581817627e-01
-9.636338055133819580e-02
-1.302209645509719849e-01
2.446018904447555542e-01
2.220022976398468018e-01
-2.770119905471801758e-01
2.096404731273651123e-01
-2.066903114318847656e-01
1.976810395717620850e-01
2.105843275785446167e-01
2.277954071760177612e-01
2.364104539155960083e-01
-2.655963301658630371e-01
-1.375581920146942139e-01
-2.418039590120315552e-01
6.866543088108301163e-03
2.721566557884216309e-01
-2.412828952074050903e-01
2.810269966721534729e-02
1.345130056142807007e-01
2.054646313190460205e-01
1.233678162097930908e-01
1.783544868230819702e-01
-2.150025665760040283e-01
-8.721984922885894775e-02
-2.004761993885040283e-01
2.087369710206985474e-01
5.601676180958747864e-02
-2.622437775135040283e-01
1.347054094076156616e-01
-1.273310482501983643e-01
2.735782861709594727e-01
-2.410786002874374390e-01
-3.036593496799468994e-01
-2.327067106962203979e-01
2.177648246288299561e-01
-1.237314119935035706e-01
1.068556159734725952e-01
-2.041249573230743408e-01
1.270450502634048462e-01
1.275246739387512207e-01
2.063859999179840088e-01
7.787672430276870728e-02
-2.414078637957572937e-02
-2.709419429302215576e-01
2.880035042762756348e-01
2.055040746927261353e-01
