1.243748590350151062e-01
1.712036728858947754e-01
-9.707668423652648926e-02
2.113178819417953491e-01
-2.593101561069488525e-01
3.609491586685180664e-01
2.542319297790527344e-01
2.323980927467346191e-01
1.012470796704292297e-01
2.490777820348739624e-01
2.357145845890045166e-01
2.654305398464202881e-01
-3.174910321831703186e-02
7.366894930601119995e-02
-6.561067700386047363e-02
1.608316451311111450e-01
-2.466789782047271729e-01
-2.704383432865142822e-01
-2.336431592702865601e-01
-1.082719117403030396e-01
3.198826313018798828e-02
-2.535917758941650391e-01
-1.711122393608093262e-01
2.414129525423049927e-01
2.384763360023498535e-01
-1.148324981331825256e-01
2.424545139074325562e-01
2.283020764589309692e-01
2.553341388702392578e-01
1.293364912271499634e-01
3.366723060607910156e-01
4.218802228569984436e-02
2.086590528488159180e-01
-5.337693542242050171e-02
-2.542873620986938477e-01
1.717502176761627197e-01
2.513893544673919678e-01
1.980188786983489990e-01
3.328762948513031006e-01
2.277340553700923920e-02
-2.537322640419006348e-01
1.762326210737228394e-01
1.762220449745655060e-02
-2.565015256404876709e-01
-1.107184514403343201e-01
2.104710191488265991e-01
1.953905820846557617e-01
2.615572214126586914e-01
-1.159438192844390869e-01
-2.525783479213714600e-01
2.498901635408401489e-01
2.545426487922668457e-01
-3.671294823288917542e-02
1.256454586982727051e-01
2.201007455587387085e-01
-2.316293567419052124e-01
2.543496787548065186e-01
-5.058716237545013428e-02
1.905194818973541260e-01
1.135332062840461731e-01
-2.172024399042129517e-01
2.338498085737228394e-01
-1.965853720903396606e-01
2.336341291666030884e-01
-2.141671776771545410e-01
-2.214646637439727783e-01
-4.727460071444511414e-02
8.824057877063751221e-02
1.749095022678375244e-01
-1.353201717138290405e-01
2.536350786685943604e-01
-8.180657774209976196e-02
9.625937789678573608e-02
-2.417281568050384521e-01
-2.153923064470291138e-01
2.423604130744934082e-01
-2.122718244791030884e-01
-2.216335944831371307e-02
-2.331376969814300537e-01
2.524150311946868896e-01
3.610007464885711670e-01
2.379120737314224243e-01
-1.056158468127250671e-01
2.483189851045608521e-01
2.555466890335083008e-01
2.493468970060348511e-01
-2.617812752723693848e-01
1.597669273614883423e-01
8.599472790956497192e-02
4.690958559513092041e-02
-1.386702507734298706e-01
4.402514547109603882e-02
1.835284382104873657e-01
-2.508684098720550537e-01
-4.478339687921106815e-04
-2.345339506864547729e-01
-1.406367272138595581e-01
-2.482984066009521484e-01
2.423899024724960327e-01
-5.750609561800956726e-02
