-2.051679342985153198e-01
3.119198605418205261e-03
-9.603812359273433685e-03
1.176188737154006958e-01
1.492431759834289551e-01
1.357246339321136475e-01
1.186629235744476318e-01
2.521026730537414551e-01
-1.247693300247192383e-01
8.975291997194290161e-02
-2.448500096797943115e-01
2.016083747148513794e-01
1.308614015579223633e-01
7.852438837289810181e-02
1.354124397039413452e-01
2.503035366535186768e-01
2.891566231846809387e-02
-2.134346961975097656e-01
2.089921534061431885e-01
2.203145921230316162e-01
-2.057576775550842285e-01
2.206111699342727661e-01
1.278862506151199341e-01
2.231620550155639648e-01
4.617015272378921509e-02
-2.177878171205520630e-01
-2.272306829690933228e-01
1.963428258895874023e-01
1.334282606840133667e-01
-2.523168027400970459e-01
1.083426624536514282e-01
2.282921075820922852e-01
1.346207410097122192e-01
-7.543127238750457764e-02
2.126271873712539673e-01
-8.661060035228729248e-02
2.124854177236557007e-01
-1.103812903165817261e-01
-3.145386278629302979e-02
2.162310779094696045e-01
-1.203813403844833374e-01
9.804756194353103638e-02
2.746124193072319031e-02
3.212558478116989136e-02
2.945967577397823334e-02
9.862624853849411011e-02
7.715259492397308350e-02
1.245297640562057495e-01
3.805744275450706482e-02
-8.524220436811447144e-02
2.141630649566650391e-01
8.543555438518524170e-02
1.989698410034179688e-01
2.020225077867507935e-01
3.458744380623102188e-03
2.221223562955856323e-01
2.320563346147537231e-01
1.189322099089622498e-01
-1.137445718050003052e-01
-4.730074107646942139e-02
-7.130842655897140503e-02
6.774037331342697144e-02
2.864987403154373169e-02
1.508269011974334717e-01
2.303862571716308594e-01
1.312177926301956177e-01
2.522623538970947266e-01
2.086560279130935669e-01
-1.272055059671401978e-01
-1.079260259866714478e-01
-1.991325765848159790e-01
-2.202555388212203979e-01
1.268649250268936157e-01
-2.053607702255249023e-01
5.193270370364189148e-02
-1.063282266259193420e-01
1.257576793432235718e-01
2.235941439867019653e-01
-2.000727504491806030e-01
1.954655349254608154e-01
2.295267581939697266e-01
-2.209076136350631714e-01
2.464499473571777344e-01
-2.107579559087753296e-01
1.320059150457382202e-01
-2.515819370746612549e-01
-1.279041469097137451e-01
4.151933267712593079e-02
-1.218181699514389038e-01
-2.183626145124435425e-01
1.972711384296417236e-01
1.163666993379592896e-01
2.216453552246093750e-01
-2.473075836896896362e-01
2.355550080537796021e-01
-2.263472378253936768e-01
6.006440892815589905e-02
-2.394270747900009155e-01
1.249648705124855042e-01
-1.029296964406967163e-02
