2.227338254451751709e-01
1.349385827779769897e-01
-2.104616016149520874e-01
-1.182975620031356812e-01
-3.326549753546714783e-02
1.187457740306854248e-01
-2.187539339065551758e-01
2.098917067050933838e-01
1.999078094959259033e-01
-2.459680140018463135e-01
1.422339379787445068e-01
2.785463631153106689e-01
1.293430775403976440e-01
-8.290309342555701733e-04
1.378279179334640503e-01
-2.507890164852142334e-01
-2.687500417232513428e-01
2.567716836929321289e-01
-4.935978353023529053e-02
2.108485847711563110e-01
-2.527178525924682617e-01
-1.977574527263641357e-01
-1.851181387901306152e-01
-3.567807376384735107e-02
-1.670176833868026733e-01
5.289464443922042847e-02
9.596043825149536133e-02
2.241591513156890869e-01
2.063540965318679810e-01
-8.496619760990142822e-02
-2.018982321023941040e-01
-2.357543557882308960e-01
2.350651174783706665e-01
1.343510895967483521e-01
1.489679962396621704e-01
-1.471784263849258423e-01
-1.551271136850118637e-02
-7.116004824638366699e-02
-6.270406395196914673e-02
-3.027580678462982178e-01
-1.508306860923767090e-01
-1.445332616567611694e-01
-2.612084746360778809e-01
-2.213286310434341431e-01
-1.275706291198730469e-01
2.081369906663894653e-01
-2.131693512201309204e-01
2.261946201324462891e-01
-1.170698702335357666e-01
-2.109958678483963013e-01
2.372121959924697876e-01
2.254804372787475586e-01
1.747115850448608398e-01
2.321501672267913818e-01
-6.334515661001205444e-02
-2.576633095741271973e-01
2.623057365417480469e-01
2.124135196208953857e-01
-8.424949645996093750e-02
-5.221641436219215393e-02
2.351488173007965088e-01
2.059311419725418091e-01
1.451647579669952393e-01
2.681869268417358398e-01
7.127561420202255249e-02
1.147023290395736694e-01
-2.399978786706924438e-01
1.543004065752029419e-01
2.019819766283035278e-01
2.317388206720352173e-01
-7.358204573392868042e-02
1.860320568084716797e-01
1.365392506122589111e-01
-2.297619134187698364e-01
-2.034695446491241455e-01
-2.250488400459289551e-01
1.881753355264663696e-01
2.767103910446166992e-02
2.146253734827041626e-01
-2.018555253744125366e-01
-1.193885877728462219e-01
-4.588183015584945679e-02
-2.894279081374406815e-03
-2.275449782609939575e-01
1.245368495583534241e-01
1.191575080156326294e-01
-2.270091176033020020e-01
-4.217562451958656311e-02
6.836862862110137939e-02
-2.274444252252578735e-01
2.264508605003356934e-01
-1.757650449872016907e-02
2.485859692096710205e-01
2.302548587322235107e-01
9.467869251966476440e-02
-5.409296136349439621e-03
2.375655174255371094e-01
-6.038822978734970093e-02
-2.578928470611572266e-01
-2.780381143093109131e-01
